JHRP-5920300000-BusinessOffice|5920300000|Cost Center
JHRP-5920400000-ClinStaff|5920400000|Cost Center
JHRP-CHI-5950010010|5950010010|Cost Center
SH-6004008310-PatFoodSrvcs|6004008310|Cost Center
SH-6015408656-Funds|6015408656|Cost Center
SMH-6301100401-HR|6301100401|Cost Center
SMH-6371010106-SMHF|6371010106|Cost Center
HCGH-6406820000-General stores|6406820000|Cost Center
ACH-6500002407|6500002407|Cost Center
ACH-6500002410|6500002410|Cost Center
ACH-6500002411|6500002411|Cost Center
ACH-VWILLI53|6500002700|Cost Center
JHSCS-6720010010-WM ASC|6720010010|Cost Center
JHH-JHHS-MGR-JTURNE86|, 0, 1010650106, 1010731205, 1010731301, 1010731305, 1010731307, 1010731308, 1100450001, 1100802001, 1100802004, 1600204002, 1600204003, 1604010007, 1703011499, 4000450306, 4000650301, 4004657414, 4004657506, 4004957000, 4005757511, 4400019010, 4400019020, 4400019030, 4400019060, 4400019210, 4400019220, 4400019225, 4400019240, 4400019265, 4400029515, 4400029555, 4400029570, 4400029605, 4400029610, 4400029611, 4400029615, 4400029620, 4400029625, 4400091306, 4404012100, 4404012201, 4404012234, 4404012251, 4404012252, 4404012271, 4404012272, 4404012291, 4404022401, 4404022431, 4404022432, 4404022451, 4404022452, 4404022471, 4404022472, 4404022491, 4404052301, 4404052352, 4404052372, 4404062392, 4404113001, 4404113052, 4404113063, 4404123531, 4404123532, 4404123551, 4404123552, 4404123571, 4404123572, 4404134001, 4404134052, 4404145001, 4404145052, 4404150001, 4404150052, 4404160001, 4404160052, 4404170001, 4404170052, 4404180052, 4404180252, 4404190001, 4404190052, 4404200001, 4404200052, 4404200301, 4404200401, 4404214501, 4404214552, 4404214572, 4404220001, 4404220052, 4404315001, 4404315052, 4404325551, 4404325552, 4404325571, 4404325572, 4404325589, 4404426301, 4404426352, 4404436401, 4404436452, 4404516501, 4404516552, 4404516571, 4404516572, 4404516591, 4404516592, 4404526601, 4404526652, 4404536701, 4404617001, 4404617052, 4404717501, 4404717552, 4404818001, 4404818052, 4404918501, 4404918552, 4405001001, 4405002001, 4405002053, 4405002054, 4405003001, 4405004001, 4405004052, 4405005001, 4405005252, 4405005352, 4405006001, 4405006100, 4405006102, 4405006202, 4405006252, 4405007001, 4405007052, 4405007352, 4405009001, 4405009052, 4405009152, 4405009252, 4405010001, 4405010052, 4405010054, 4405011201, 4405011252, 4405012001, 4405014001, 4405014052, 4405015001, 4405015052, 4405016052, 4405019001, 4405019052, 4405029100, 4405032001, 4405032052, 4405040000, 4405051052, 4405052000, 4405052052, 4405054001, 4405054052, 4405054100, 4500030185, 4500040020, 4500040030, 4500040031, 4500040040, 4500040060, 4500040061, 4500040062, 4500040063, 4500040070, 4500040110, 4500040200, 4500040400, 4500150015, 4500150024, 4500150096, 4500150101, 4500150102, 4500150250, 4500150251, 4500150306, 4500200097, 4500220003, 4680020010, 4800010304, 4800710301, 4800830307, 4800910000, 4800910306, 4801310060, 4801357685, 4803117415, 4804610482, 4805110001, 4805110406, 4805110408, 4806217502, 5550000210, 5550000230, 6001116018, 6001116022, 6001116023, 6001116024, 6001116025, 6001116029, 6001126340, 6001136381, 6001146280, 6001156343, 6001206375, 6001206377, 6001206378, 6001208683, 6001316360, 6001316363, 6001326362, 6001336361, 6001336365, 6001337435, 6001338465, 6001338718, 6001406022, 6001408748, 6001408750, 6001408751, 6001508350, 6001508620, 6001508652, 6001606025, 6001606345, 6001606346, 6001606347, 6001607436, 6001608675, 6002107402, 6002107404, 6002107405, 6002107408, 6002107409, 6002107410, 6002207420, 6002207421, 6002207422, 6002207424, 6002207426, 6002207428, 6002207430, 6002307437, 6002307438, 6002307442, 6002407414, 6002407415, 6002407416, 6002407417, 6002407450, 6002407456, 6002506285, 6002506349, 6002507469, 6002507502, 6002508101, 6002508470, 6002508752, 6003107477, 6004008102, 6004008310, 6004008318, 6004008330, 6004008410, 6004008411, 6004008412, 6004008420, 6004008450, 6004008541, 6004008543, 6004008544, 6005108510, 6005108511, 6005108523, 6005108524, 6005108525, 6005108526, 6005208618, 6005308624, 6005308693, 6005308697, 6005408351, 6005408532, 6005408611, 6005408614, 6005408626, 6005408627, 6005408628, 6005408631, 6005408636, 6005408658, 6005408670, 6005408678, 6005408681, 6005408761, 6006106375, 6006108721, 6007108610, 6007108705, 6015408656, 6021206375, 6021337900, 6021337910, 6301020222, 6301020414, 6301100401, 6408210000, 6500002315, 6500002707, 6500002745, 6580070202, 6580070404, 6580070408, 6580070414, 6580070417, 6580070420, 6580070437, 6580070606, 6580170416, 6580270425, 6590070301, 6590770301, 6590770429, 6590870301, 6590870429, 6592570426, 6593170429|Cost Center
ACH-GTINNAR1|, 4500200089, 6500002719|Cost Center
ACH-NSIMON9|, 4500200089, 6500002720|Cost Center
ACH-JBENNE70|, 4500200089, 6500002720, 6500002725|Cost Center
JHHR-MGR-00094330|, 4803610090, 4803610394, 4803610492, 5550000100, 5550000200, 5550000300, 5550000340, 5550000350, 5550000400, 5550000410, 5550000420, 5550000430, 5550000440, 5550000450, 5550000500, 5550000510, 5550000520, 5550000530, 5550000540, 5550000550, 5550000560, 5550000800, 5550000810, 5550000820, 5550000830, 5550000840, 5550000850, 5550000860|Cost Center
JHHR-MGR-00141849|, 4803610492|Cost Center
ACH-UNAWAB1|, 6500002704, 6500002707, 6500002765, 6500087537, 6530002724|Cost Center
JHHS-003-S21-95-SrvCtr-WebSrvc|0, 1010650106, 1010731205, 1010731301, 1010731305, 1010731307, 1010731308, 1100450001, 1100802001, 1100802004, 1600204002, 1600204003, 1604010007, 1703011499, 4000450306, 4000650301, 4004657414, 4004657506, 4004957000, 4005757511, 4400019010, 4400019020, 4400019030, 4400019060, 4400019210, 4400019220, 4400019225, 4400019240, 4400019265, 4400029515, 4400029555, 4400029570, 4400029605, 4400029610, 4400029611, 4400029615, 4400029620, 4400029625, 4400091306, 4404012100, 4404012201, 4404012234, 4404012251, 4404012252, 4404012271, 4404012272, 4404012291, 4404022401, 4404022431, 4404022432, 4404022451, 4404022452, 4404022471, 4404022472, 4404022491, 4404052301, 4404052352, 4404052372, 4404062392, 4404113001, 4404113052, 4404113063, 4404123531, 4404123532, 4404123551, 4404123552, 4404123571, 4404123572, 4404134001, 4404134052, 4404145001, 4404145052, 4404150001, 4404150052, 4404160001, 4404160052, 4404170001, 4404170052, 4404180052, 4404180252, 4404190001, 4404190052, 4404200001, 4404200052, 4404200301, 4404200401, 4404214501, 4404214552, 4404214572, 4404220001, 4404220052, 4404315001, 4404315052, 4404325551, 4404325552, 4404325571, 4404325572, 4404325589, 4404426301, 4404426352, 4404436401, 4404436452, 4404516501, 4404516552, 4404516571, 4404516572, 4404516591, 4404516592, 4404526601, 4404526652, 4404536701, 4404617001, 4404617052, 4404717501, 4404717552, 4404818001, 4404818052, 4404918501, 4404918552, 4405001001, 4405002001, 4405002053, 4405002054, 4405003001, 4405004001, 4405004052, 4405005001, 4405005252, 4405005352, 4405006001, 4405006100, 4405006102, 4405006202, 4405006252, 4405007001, 4405007052, 4405007352, 4405009001, 4405009052, 4405009152, 4405009252, 4405010001, 4405010052, 4405010054, 4405011201, 4405011252, 4405012001, 4405014001, 4405014052, 4405015001, 4405015052, 4405016052, 4405019001, 4405019052, 4405029100, 4405032001, 4405032052, 4405040000, 4405051052, 4405052000, 4405052052, 4405054001, 4405054052, 4405054100, 4500030185, 4500040063, 4500150015, 4500150024, 4500150306, 4500200020, 4500200025, 4500200030, 4500200035, 4500200040, 4500200045, 4500200050, 4500200055, 4500200070, 4500200075, 4500200085, 4500200089, 4500200090, 4500200091, 4500200092, 4500200093, 4500200094, 4500200096, 4500200097, 4500200100, 4680020010, 4800710301, 4801357685, 4803117415, 4806217502, 5550000210, 5550000230, 6001116018, 6001116022, 6001116023, 6001116024, 6001116025, 6001116029, 6001126340, 6001136381, 6001146280, 6001156343, 6001206375, 6001206377, 6001206378, 6001208683, 6001316360, 6001316363, 6001326362, 6001336361, 6001336365, 6001337435, 6001338465, 6001338718, 6001406022, 6001408748, 6001408750, 6001408751, 6001508350, 6001508620, 6001508652, 6001606025, 6001606345, 6001606346, 6001606347, 6001607436, 6001608675, 6002107402, 6002107404, 6002107405, 6002107408, 6002107409, 6002107410, 6002207420, 6002207421, 6002207422, 6002207424, 6002207426, 6002207428, 6002207430, 6002307437, 6002307438, 6002307442, 6002407414, 6002407415, 6002407416, 6002407417, 6002407450, 6002407456, 6002506285, 6002506349, 6002507469, 6002507502, 6002508101, 6002508470, 6002508752, 6003107477, 6004008102, 6004008310, 6004008318, 6004008330, 6004008410, 6004008411, 6004008412, 6004008420, 6004008450, 6004008541, 6004008543, 6004008544, 6005108510, 6005108511, 6005108523, 6005108524, 6005108525, 6005108526, 6005208618, 6005308624, 6005308693, 6005308697, 6005408351, 6005408532, 6005408611, 6005408614, 6005408626, 6005408627, 6005408628, 6005408631, 6005408636, 6005408658, 6005408670, 6005408678, 6005408681, 6005408761, 6006106375, 6006108721, 6007108610, 6007108705, 6015408656, 6021206375, 6021337900, 6021337910, 6301020222, 6301020414, 6301100401, 6408210000, 6500002315, 6500002707, 6500002745, 6580070202, 6580070404, 6580070408, 6580070414, 6580070417, 6580070420, 6580070437, 6580070606, 6580170416, 6580270425, 6590070301, 6590770301, 6590770429, 6590870301, 6590870429, 6592570426, 6593170429|Cost Center
JHSCS-MGR-00282118|0, 1010650106, 1010731205, 1010731301, 1010731305, 1010731307, 1010731308, 1100450001, 1100802001, 1100802004, 1600204002, 1600204003, 1604010007, 1703011499, 4000450306, 4000650301, 4004657414, 4004657506, 4004957000, 4005757511, 4400019010, 4400019020, 4400019030, 4400019060, 4400019210, 4400019220, 4400019225, 4400019240, 4400019265, 4400029515, 4400029555, 4400029570, 4400029605, 4400029610, 4400029611, 4400029615, 4400029620, 4400029625, 4400091306, 4404012100, 4404012201, 4404012234, 4404012251, 4404012252, 4404012271, 4404012272, 4404012291, 4404022401, 4404022431, 4404022432, 4404022451, 4404022452, 4404022471, 4404022472, 4404022491, 4404052301, 4404052352, 4404052372, 4404062392, 4404113001, 4404113052, 4404113063, 4404123531, 4404123532, 4404123551, 4404123552, 4404123571, 4404123572, 4404134001, 4404134052, 4404145001, 4404145052, 4404150001, 4404150052, 4404160001, 4404160052, 4404170001, 4404170052, 4404180052, 4404180252, 4404190001, 4404190052, 4404200001, 4404200052, 4404200301, 4404200401, 4404214501, 4404214552, 4404214572, 4404220001, 4404220052, 4404315001, 4404315052, 4404325551, 4404325552, 4404325571, 4404325572, 4404325589, 4404426301, 4404426352, 4404436401, 4404436452, 4404516501, 4404516552, 4404516571, 4404516572, 4404516591, 4404516592, 4404526601, 4404526652, 4404536701, 4404617001, 4404617052, 4404717501, 4404717552, 4404818001, 4404818052, 4404918501, 4404918552, 4405001001, 4405002001, 4405002053, 4405002054, 4405003001, 4405004001, 4405004052, 4405005001, 4405005252, 4405005352, 4405006001, 4405006100, 4405006102, 4405006202, 4405006252, 4405007001, 4405007052, 4405007352, 4405009001, 4405009052, 4405009152, 4405009252, 4405010001, 4405010052, 4405010054, 4405011201, 4405011252, 4405012001, 4405014001, 4405014052, 4405015001, 4405015052, 4405016052, 4405019001, 4405019052, 4405029100, 4405032001, 4405032052, 4405040000, 4405051052, 4405052000, 4405052052, 4405054001, 4405054052, 4405054100, 4500030130, 4500030160, 4500030185, 4500040020, 4500040063, 4500100060, 4500150015, 4500150024, 4500150306, 4500200097, 4680010010, 4680020010, 4680020020, 4680020030, 4680020040, 4680020050, 4680020060, 4680020070, 4680020080, 4680030010, 4800710301, 4801357685, 4803117415, 4806217502, 5550000200, 5550000210, 5550000230, 6001116018, 6001116022, 6001116023, 6001116024, 6001116025, 6001116029, 6001126340, 6001136381, 6001146280, 6001156343, 6001206375, 6001206377, 6001206378, 6001208683, 6001316360, 6001316363, 6001326362, 6001336361, 6001336365, 6001337435, 6001338465, 6001338718, 6001406022, 6001408748, 6001408750, 6001408751, 6001508350, 6001508620, 6001508652, 6001606025, 6001606345, 6001606346, 6001606347, 6001607436, 6001608675, 6002107402, 6002107404, 6002107405, 6002107408, 6002107409, 6002107410, 6002207420, 6002207421, 6002207422, 6002207424, 6002207426, 6002207428, 6002207430, 6002307437, 6002307438, 6002307442, 6002407414, 6002407415, 6002407416, 6002407417, 6002407450, 6002407456, 6002506285, 6002506349, 6002507469, 6002507502, 6002508101, 6002508470, 6002508752, 6003107477, 6004008102, 6004008310, 6004008318, 6004008330, 6004008410, 6004008411, 6004008412, 6004008420, 6004008450, 6004008541, 6004008543, 6004008544, 6005108510, 6005108511, 6005108523, 6005108524, 6005108525, 6005108526, 6005208618, 6005308624, 6005308693, 6005308697, 6005408351, 6005408532, 6005408611, 6005408614, 6005408626, 6005408627, 6005408628, 6005408631, 6005408636, 6005408658, 6005408670, 6005408678, 6005408681, 6005408761, 6006106375, 6006108721, 6007108610, 6007108705, 6015408656, 6021206375, 6021337900, 6021337910, 6301020222, 6301020414, 6301100401, 6408210000, 6500002315, 6500002707, 6500002745, 6580070202, 6580070404, 6580070408, 6580070414, 6580070417, 6580070420, 6580070437, 6580070606, 6580170416, 6580270425, 6590070301, 6590770301, 6590770429, 6590870301, 6590870429, 6592570426, 6593170429, 6700010010, 6710010010, 6720010010, 6730010010, 6740010010, 6750010010, 6760010010|Cost Center
JHU-SOM OTO-10003036,3028|0, 1010650106, 1010731205, 1010731301, 1010731305, 1010731307, 1010731308, 1100450001, 1100802001, 1100802004, 1600204002, 1600204003, 1604010007, 1703011499, 4000450306, 4000650301, 4004657414, 4004657506, 4004957000, 4005757511, 4400019010, 4400019020, 4400019030, 4400019060, 4400019210, 4400019220, 4400019225, 4400019240, 4400019265, 4400029515, 4400029555, 4400029570, 4400029605, 4400029610, 4400029611, 4400029615, 4400029620, 4400029625, 4400091306, 4404012100, 4404012201, 4404012234, 4404012251, 4404012252, 4404012271, 4404012272, 4404012291, 4404022401, 4404022431, 4404022432, 4404022451, 4404022452, 4404022471, 4404022472, 4404022491, 4404052301, 4404052352, 4404052372, 4404062392, 4404113001, 4404113052, 4404113063, 4404123531, 4404123532, 4404123551, 4404123552, 4404123571, 4404123572, 4404134001, 4404134052, 4404145001, 4404145052, 4404150001, 4404150052, 4404160001, 4404160052, 4404170001, 4404170052, 4404180052, 4404180252, 4404190001, 4404190052, 4404200001, 4404200052, 4404200301, 4404200401, 4404214501, 4404214552, 4404214572, 4404220001, 4404220052, 4404315001, 4404315052, 4404325551, 4404325552, 4404325571, 4404325572, 4404325589, 4404426301, 4404426352, 4404436401, 4404436452, 4404516501, 4404516552, 4404516571, 4404516572, 4404516591, 4404516592, 4404526601, 4404526652, 4404536701, 4404617001, 4404617052, 4404717501, 4404717552, 4404818001, 4404818052, 4404918501, 4404918552, 4405001001, 4405002001, 4405002053, 4405002054, 4405003001, 4405004001, 4405004052, 4405005001, 4405005252, 4405005352, 4405006001, 4405006100, 4405006102, 4405006202, 4405006252, 4405007001, 4405007052, 4405007352, 4405009001, 4405009052, 4405009152, 4405009252, 4405010001, 4405010052, 4405010054, 4405011201, 4405011252, 4405012001, 4405014001, 4405014052, 4405015001, 4405015052, 4405016052, 4405019001, 4405019052, 4405029100, 4405032001, 4405032052, 4405040000, 4405051052, 4405052000, 4405052052, 4405054001, 4405054052, 4405054100, 4500030185, 4500040063, 4500150015, 4500150024, 4500150306, 4500200097, 4680020010, 4800710301, 4801357685, 4803117415, 4806217502, 5550000210, 5550000230, 6001116018, 6001116022, 6001116023, 6001116024, 6001116025, 6001116029, 6001126340, 6001136381, 6001146280, 6001156343, 6001206375, 6001206377, 6001206378, 6001208683, 6001316360, 6001316363, 6001326362, 6001336361, 6001336365, 6001337435, 6001338465, 6001338718, 6001406022, 6001408748, 6001408750, 6001408751, 6001508350, 6001508620, 6001508652, 6001606025, 6001606345, 6001606346, 6001606347, 6001607436, 6001608675, 6002107402, 6002107404, 6002107405, 6002107408, 6002107409, 6002107410, 6002207420, 6002207421, 6002207422, 6002207424, 6002207426, 6002207428, 6002207430, 6002307437, 6002307438, 6002307442, 6002407414, 6002407415, 6002407416, 6002407417, 6002407450, 6002407456, 6002506285, 6002506349, 6002507469, 6002507502, 6002508101, 6002508470, 6002508752, 6003107477, 6004008102, 6004008310, 6004008318, 6004008330, 6004008410, 6004008411, 6004008412, 6004008420, 6004008450, 6004008541, 6004008543, 6004008544, 6005108510, 6005108511, 6005108523, 6005108524, 6005108525, 6005108526, 6005208618, 6005308624, 6005308693, 6005308697, 6005408351, 6005408532, 6005408611, 6005408614, 6005408626, 6005408627, 6005408628, 6005408631, 6005408636, 6005408658, 6005408670, 6005408678, 6005408681, 6005408761, 6006106375, 6006108721, 6007108610, 6007108705, 6015408656, 6021206375, 6021337900, 6021337910, 6301020222, 6301020352, 6301020414, 6301020507, 6301100401, 6408210000, 6500002315, 6500002410, 6500002707, 6500002745, 6580070202, 6580070404, 6580070408, 6580070414, 6580070417, 6580070420, 6580070437, 6580070606, 6580170416, 6580270425, 6590070301, 6590770301, 6590770429, 6590870301, 6590870429, 6592570426, 6593170429|Cost Center
MULTI-003,E04,E65,E75,JY5,S11|0, 1010650106, 1010731205, 1010731301, 1010731305, 1010731307, 1010731308, 1100450001, 1100802001, 1100802004, 1600204002, 1600204003, 1604010007, 1703011499, 4000450306, 4000650301, 4004657414, 4004657506, 4004957000, 4005757511, 4400019010, 4400019020, 4400019030, 4400019060, 4400019210, 4400019220, 4400019225, 4400019240, 4400019265, 4400029515, 4400029555, 4400029570, 4400029605, 4400029610, 4400029611, 4400029615, 4400029620, 4400029625, 4400091306, 4404012100, 4404012201, 4404012234, 4404012251, 4404012252, 4404012271, 4404012272, 4404012291, 4404022401, 4404022431, 4404022432, 4404022451, 4404022452, 4404022471, 4404022472, 4404022491, 4404052301, 4404052352, 4404052372, 4404062392, 4404113001, 4404113052, 4404113063, 4404123531, 4404123532, 4404123551, 4404123552, 4404123571, 4404123572, 4404134001, 4404134052, 4404145001, 4404145052, 4404150001, 4404150052, 4404160001, 4404160052, 4404170001, 4404170052, 4404180052, 4404180252, 4404190001, 4404190052, 4404200001, 4404200052, 4404200301, 4404200401, 4404214501, 4404214552, 4404214572, 4404220001, 4404220052, 4404315001, 4404315052, 4404325551, 4404325552, 4404325571, 4404325572, 4404325589, 4404426301, 4404426352, 4404436401, 4404436452, 4404516501, 4404516552, 4404516571, 4404516572, 4404516591, 4404516592, 4404526601, 4404526652, 4404536701, 4404617001, 4404617052, 4404717501, 4404717552, 4404818001, 4404818052, 4404918501, 4404918552, 4405001001, 4405002001, 4405002053, 4405002054, 4405003001, 4405004001, 4405004052, 4405005001, 4405005252, 4405005352, 4405006001, 4405006100, 4405006102, 4405006202, 4405006252, 4405007001, 4405007052, 4405007352, 4405009001, 4405009052, 4405009152, 4405009252, 4405010001, 4405010052, 4405010054, 4405011201, 4405011252, 4405012001, 4405014001, 4405014052, 4405015001, 4405015052, 4405016052, 4405019001, 4405019052, 4405029100, 4405032001, 4405032052, 4405040000, 4405051052, 4405052000, 4405052052, 4405054001, 4405054052, 4405054100, 4500030185, 4500030250, 4500030255, 4500030280, 4500040020, 4500040030, 4500040060, 4500040063, 4500040200, 4500150015, 4500150024, 4500150096, 4500150101, 4500150102, 4500150130, 4500150306, 4500200097, 4680020010, 4800710301, 4800810013, 4800810303, 4800810306, 4800810308, 4800810309, 4800810310, 4800810311, 4800810312, 4800820301, 4800820302, 4800820305, 4800830301, 4800830307, 4801310030, 4801357685, 4803117415, 4805310403, 4806210000, 4806217502, 4807217900, 5550000210, 5550000230, 6001116018, 6001116022, 6001116023, 6001116024, 6001116025, 6001116029, 6001126340, 6001136381, 6001146280, 6001156343, 6001206375, 6001206377, 6001206378, 6001208683, 6001316360, 6001316363, 6001326362, 6001336361, 6001336365, 6001337435, 6001338465, 6001338718, 6001406022, 6001408748, 6001408750, 6001408751, 6001508350, 6001508620, 6001508652, 6001606025, 6001606345, 6001606346, 6001606347, 6001607436, 6001608675, 6002107402, 6002107404, 6002107405, 6002107408, 6002107409, 6002107410, 6002207420, 6002207421, 6002207422, 6002207424, 6002207426, 6002207428, 6002207430, 6002307437, 6002307438, 6002307442, 6002407414, 6002407415, 6002407416, 6002407417, 6002407450, 6002407456, 6002506285, 6002506349, 6002507469, 6002507502, 6002508101, 6002508470, 6002508752, 6003107477, 6004008102, 6004008310, 6004008318, 6004008330, 6004008410, 6004008411, 6004008412, 6004008420, 6004008450, 6004008541, 6004008543, 6004008544, 6005108510, 6005108511, 6005108523, 6005108524, 6005108525, 6005108526, 6005208618, 6005308624, 6005308693, 6005308697, 6005408351, 6005408532, 6005408611, 6005408614, 6005408626, 6005408627, 6005408628, 6005408631, 6005408636, 6005408658, 6005408670, 6005408678, 6005408681, 6005408761, 6006106375, 6006108721, 6007108610, 6007108705, 6015408656, 6021206375, 6021337900, 6021337910, 6301020131, 6301020222, 6301020224, 6301020353, 6301020414, 6301030483, 6301040113, 6301040118, 6301040125, 6301040502, 6301060147, 6301100401, 6301110129, 6301110281, 6301110412, 6301110701, 6301110802, 6301111106, 6301111224, 6301113257, 6301113569, 6301113716, 6301116000, 6407000000, 6407360000, 6407515000, 6407520000, 6407550000, 6407570000, 6408210000, 6408310000, 6500002315, 6500002707, 6500002745, 6580070202, 6580070404, 6580070408, 6580070414, 6580070417, 6580070420, 6580070437, 6580070606, 6580170416, 6580270425, 6590070301, 6590770301, 6590770429, 6590870301, 6590870429, 6592570426, 6593170429|Cost Center
FM-EVS-SOM-MGR-00092770|0, 1010731311, 4000350300, 4000350301, 4000350303, 4000450306, 4500100060, 4500180020, 4500310301, 4500310303, 4500310305, 4500310307, 4500310308, 4500310310, 4500310311, 4800010022, 4800310300, 4800310302, 4800310304, 4800310305, 4800310314, 4803117406, 6406950000, 6406955000|Cost Center
JHHS EPIC|1010485000, 1010489701, 1010489703, 1010489705, 4500150089, 4500150126, 4500150140, 4500150147, 4500210312, 4500210314, 4500210315, 4500210403, 5870010045, 5870010055, 5870010075, 5870010130, 5870010145|Cost Center
JHHS-MGR-00302006|1700200102, 1700210311, 4500030020, 4500030040, 4500030050, 4500030060, 4500030070, 4500030105, 4500030170, 4500030173, 4500170020|Cost Center
BMCN-MGR-00199630|4000050300, 4000050303, 4000050307, 4000050401, 4000550306, 4000650305, 4001050302, 4001250301, 4003057201, 4003657402, 4004650303, 4004950300, 4005550401, 4005750300, 4006250300, 4006850300, 4007250302, 4007257201|Cost Center
BMC-MGR-00314434|4000050300, 4000450304, 4000850300, 4001350300, 4001350303, 4001350308, 4001350400, 4003057201, 4003157400, 4003157401, 4003157402, 4004257603, 4004657004, 4005157500, 4005350303, 4006250300, 4007250300, 4007250302, 4007257201, 4007257202, 4800010016|Cost Center
BMC-JKE,B9K,B9W,BAE,BZ8|4000050300, 4003657408, 4005150300, 4005157500, 4005167503, 4005350303, 4006250300, 4007257502, 4007257505, 4500170100, 4800010016, 4803610480, 4805110001, 4805110405, 4805110406, 4805110408|Cost Center
BMC-JHHS-MGR-JZISSIM1|4000050300, 4500010010, 4620010010|Cost Center
BMCN-JHHS-NURSING|4000050303, 4000450301, 4000450400, 4000550300, 4000550306, 4000850300, 4000850302, 4001350300, 4001350303, 4001350305, 4001350308, 4001350312, 4001350313, 4001350400, 4003057200, 4003157400, 4003157401, 4003157402, 4003657400, 4003657401, 4003657402, 4003657403, 4003657404, 4003657405, 4003657409, 4004257600, 4004257603, 4004257604, 4004257607, 4004650301, 4004650309, 4004657000, 4004657001, 4004657002, 4004657004, 4004657005, 4004657006, 4004657007, 4004657010, 4004657012, 4004657013, 4004657016, 4004657021, 4004657401, 4004657411, 4004657413, 4004657414, 4004657415, 4004657506, 4004657512, 4004957000, 4004957001, 4005350300, 4005350301, 4005357000, 4005357001, 4005757000, 4005757903, 4006257000, 4006257001, 4006257002, 4006257003, 4007157000, 4007157001, 4007257002, 4007257003, 4007257004, 4007257200, 4007257201, 4007257202, 4300100100, 4500150300, 4500150306, 4500170060, 4801310002, 4801310005, 4801310007, 4801310008, 4801310020, 4801310302, 5300010010, 5300010060, 5300010100, 5300010150, 5300010200, 5300010240, 5350010010, 5450030010, 5450030020, 5450030030, 5450040010, 5450040030|Cost Center
BMCN-PerAdmin2-includeBP5-SSU|4000050303, 4000450301, 4000450400, 4000550300, 4000550306, 4000850300, 4000850302, 4001350300, 4001350303, 4001350305, 4001350308, 4001350312, 4001350313, 4001350400, 4003057200, 4003157400, 4003157401, 4003157402, 4003657400, 4003657403, 4003657404, 4003657409, 4004257600, 4004257603, 4004257604, 4004257607, 4004650301, 4004657000, 4004657001, 4004657002, 4004657004, 4004657005, 4004657006, 4004657007, 4004657010, 4004657012, 4004657013, 4004657016, 4004657018, 4004657021, 4004657401, 4004657411, 4004657413, 4004657415, 4004657506, 4004657512, 4004957000, 4004957001, 4005350300, 4005350301, 4005357000, 4005357001, 4005757000, 4005757903, 4006257000, 4006257001, 4006257002, 4006257003, 4007157000, 4007157001, 4007257002, 4007257003, 4007257004, 4007257200, 4007257201, 4007257202, 4300100100, 4400019030, 4400019220, 4500040030, 4500040031, 4500040040, 4500040060, 4500040061, 4500040062, 4500040070, 4500040110, 4500040400, 4500050010, 4500050020, 4500050030, 4500050060, 4500050070, 4500050080, 4500050090, 4500150101, 4500150130, 4500150250, 4500150251, 4500150300, 4500150306, 4500160120, 4500160210, 4500160220, 4500170040, 4500170120, 4500170130, 4500210308, 4500220003, 4800010304, 4800310314, 4800810013, 4800810303, 4800810306, 4800810308, 4800810309, 4800810310, 4800810311, 4800810312, 4800820301, 4800820302, 4800820305, 4800830301, 4800830307, 4800910000, 4800910306, 4801310002, 4801310005, 4801310007, 4801310008, 4801310020, 4801310030, 4801310060, 4801310302, 4801310451, 4801336934, 4801336960, 4801336962, 4801336980, 4801337038, 4801337040, 4801337061, 4801337989, 4801357242, 4801357244, 4801357420, 4801357440, 4801357460, 4801357462, 4801357620, 4801357630, 4801357681, 4801377530, 4801377531, 4803010001, 4803017206, 4803017401, 4804610476, 4804610482, 4804617442, 4805110001, 4805110406, 4805110408, 4805310001, 4805310006, 4805310009, 4805310403, 4805317406, 4805317506, 4805510002, 4805517000, 4805517402, 4805517405, 4805517406, 4805517407, 4805517420, 4805517421, 4805517422, 4806210000, 4807210000, 4807217208, 4807217212, 4807217900, 5300010010, 5300010060, 5300010070, 5300010100, 5300010150, 5300010200, 5300010240, 5350010010, 5450030010, 5450030020, 5450030030, 5450040010, 5450040030, 5501040415, 6406137000, 6500002700|Cost Center
BMCN-PerAdmin-ex-BF1-BJ3-inBP5|4000050303, 4000450301, 4000450400, 4000550300, 4000550306, 4000850300, 4000850302, 4001350300, 4001350303, 4001350305, 4001350308, 4001350312, 4001350313, 4001350400, 4003057200, 4003157400, 4003157401, 4003157402, 4003657404, 4004257600, 4004257603, 4004257604, 4004257607, 4004657000, 4004657001, 4004657002, 4004657004, 4004657005, 4004657006, 4004657007, 4004657010, 4004657012, 4004657013, 4004657016, 4004657018, 4004657021, 4004957000, 4004957001, 4005350300, 4005350301, 4005357000, 4005357001, 4005757000, 4006257000, 4006257001, 4006257002, 4006257003, 4007157000, 4007157001, 4007257002, 4007257003, 4007257004, 4007257200, 4007257201, 4007257202, 4400019030, 4400019220, 4500040030, 4500040031, 4500040040, 4500040060, 4500040061, 4500040062, 4500040070, 4500040110, 4500040400, 4500050010, 4500050020, 4500050030, 4500050060, 4500050070, 4500050080, 4500050090, 4500150101, 4500150130, 4500150250, 4500150251, 4500150300, 4500150306, 4500160120, 4500160210, 4500160220, 4500170040, 4500170120, 4500170130, 4500210308, 4500220003, 4800010304, 4800310314, 4800810013, 4800810303, 4800810306, 4800810308, 4800810309, 4800810310, 4800810311, 4800810312, 4800820301, 4800820302, 4800820305, 4800830301, 4800830307, 4800910000, 4800910306, 4801310002, 4801310005, 4801310007, 4801310008, 4801310020, 4801310030, 4801310060, 4801310302, 4801310451, 4801336934, 4801336960, 4801336962, 4801336980, 4801337038, 4801337040, 4801337061, 4801337989, 4801357242, 4801357244, 4801357420, 4801357440, 4801357460, 4801357462, 4801357620, 4801357630, 4801357681, 4801377530, 4801377531, 4803010001, 4803017206, 4803017401, 4804610476, 4804610482, 4804617442, 4805110001, 4805110406, 4805110408, 4805310001, 4805310006, 4805310009, 4805310403, 4805317406, 4805317506, 4805510002, 4805517000, 4805517402, 4805517405, 4805517406, 4805517407, 4805517420, 4805517421, 4805517422, 4806210000, 4807210000, 4807217208, 4807217212, 4807217900, 5300010010, 5300010060, 5300010070, 5300010100, 5300010150, 5300010200, 5300010240, 5350010010, 5450030010, 5450030020, 5450030030, 5450040010, 5450040030, 5501040415, 6406137000, 6500002700|Cost Center
BMCN-PerAdmin-excludes-BF1-BJ3|4000050303, 4000450301, 4000450400, 4000550300, 4000550306, 4000850300, 4001350300, 4001350303, 4001350305, 4001350308, 4001350312, 4001350313, 4001350400, 4003057200, 4003157400, 4003157401, 4003157402, 4003657404, 4004257600, 4004257603, 4004257604, 4004257607, 4004650301, 4004657000, 4004657001, 4004657002, 4004657004, 4004657005, 4004657006, 4004657007, 4004657010, 4004657012, 4004657013, 4004657016, 4004657021, 4004657401, 4004657411, 4004657413, 4004657415, 4004657506, 4004657512, 4004957000, 4004957001, 4005350300, 4005350301, 4005357000, 4005357001, 4005757000, 4006257000, 4006257001, 4006257002, 4006257003, 4007157000, 4007157001, 4007257002, 4007257003, 4007257004, 4007257200, 4007257201, 4007257202, 4500150300, 4500150306, 4801310002, 4801310005, 4801310007, 4801310008, 4801310020, 4801310302, 5300010010, 5300010060, 5300010100, 5300010150, 5300010200, 5300010240, 5350010010, 5450030010, 5450030020, 5450030030, 5450040010, 5450040030|Cost Center
BMCN-PerAdmin-Inc JHHSFloat|4000050303, 4000450301, 4000450400, 4000550300, 4000550306, 4000850300, 4001350300, 4001350303, 4001350305, 4001350308, 4001350312, 4001350313, 4001350400, 4003057200, 4003157400, 4003157401, 4003157402, 4003657404, 4004257600, 4004257603, 4004257604, 4004257607, 4004657000, 4004657001, 4004657002, 4004657004, 4004657005, 4004657006, 4004657007, 4004657010, 4004657012, 4004657013, 4004657016, 4004657021, 4004957000, 4004957001, 4005350300, 4005350301, 4005357000, 4005357001, 4005757000, 4006257000, 4006257001, 4006257002, 4006257003, 4007157000, 4007157001, 4007257002, 4007257003, 4007257004, 4007257200, 4007257201, 4007257202, 4500150300, 4500150306, 4801310002, 4801310005, 4801310007, 4801310008, 4801310020, 4801310302, 5300010010, 5300010060, 5300010100, 5300010150, 5300010200, 5300010240, 5350010010, 5450030010, 5450030020, 5450030030, 5450040010, 5450040030|Cost Center
MULTI-ABI,B51,E62,JC7,JD1-6|4000250302, 4500030290, 4500150050, 4500150058, 4500150080, 4500150087, 4500150089, 4500150102, 4500150110, 4500150126, 4500150140, 4500150145, 4500150147, 4500150188, 4500210301, 4500210302, 4500210304, 4500210308, 4500210310, 4500210311, 4500210312, 4500210313, 4500210314, 4500210315, 4500210316, 4500210317, 4500210322, 4500210400, 4500210401, 4500210402, 4500210403, 5850020000, 5850020010, 5850020020, 5850020040, 5850020050, 5850020060, 5850020070, 5850020090, 5850022000, 5850022001, 5850022006, 5850022100, 5870010045, 5870010055, 5870010075, 5870010090, 5870010130, 5870010145, 6406210000, 6406215000, 6406250000, 6406310000, 6406315000, 6406350000, 6500000102, 6500002602, 6500002604, 6500087521|Cost Center
BMC-MGR-00228939|4000350300, 4000350301, 4000350303, 4000350306, 4000450301, 4000450302, 4000450306, 4000550300, 4000550306, 4000650301, 4000650302, 4000650303, 4000650304, 4000650305, 4000650306, 4000650307, 4000650308, 4000650310, 4000650313, 4000850301, 4001050302, 4001050303, 4003657401, 4003657402, 4003657403, 4003657405, 4004950300, 4005550400, 4005550401, 4005550402, 4005557400, 4005557401, 4005557402, 4005557403, 4005557404, 4005557405, 4005557406, 4005557407, 4005557408, 4005557410, 4006450300, 4300507900, 4300507902, 4300507903, 4500040080, 4500080022, 4500310304, 4500310305|Cost Center
JHH-JHHS-MGR-0032708|4000450304, 4500040060, 4500040070, 4800010305, 4800010317, 4800910301, 4800910305, 4800910315, 4800910325, 4801310002, 4801336942, 4802010729|Cost Center
MULTI-MGR-00151467|4000450304, 4500040070, 4800910305, 4800910315, 4800910325, 6301110412|Cost Center
ACH-JHHS-MGR-00317280|4000450402, 4004250400, 4500030010, 4500030110, 4500030171, 4500030179, 4801410308, 4801410309, 4801410310, 6500002410|Cost Center
JHH-JHHS-MGR-00312173|4000450402, 4004250400, 4500030169, 4500030179|Cost Center
BMC-BN1-5,BW2,J49,SH9|4000650301, 4000650302, 4000650303, 4000650304, 4000650305, 4000650306, 4000650307, 4000650308, 4000650310, 4000650313, 4500040080, 4500080022, 4805310408, 4805310410|Cost Center
MULTI-MGR-00307378|4000650301, 4000650302, 4000650303, 4000650304, 4000650305, 4000650306, 4000650307, 4000650308, 4000650310, 4000650313, 4500040080, 4800610301, 4800610302, 4800610303, 4800610305, 4800610308, 4800610311, 4800610313, 4800610314, 4800610400, 4800610401, 4800610403, 4800610404, 4800610405, 4800610407, 4800610408, 4805310408, 4805310410, 6004008310, 6301091003, 6301091004, 6306050107, 6408910000, 6408920000, 6500001600, 6500001609, 6500002100, 6500002101, 6500002102, 6500002103, 6500006009|Cost Center
MULTI-MGR-00326615|4000650301, 4000650302, 4000650303, 4000650304, 4000650305, 4000650307, 4000650310, 4000650312, 4000650313, 4800610301, 4800610302, 4800610305, 4800610308, 4800610319, 4800610400, 4800610401, 4800610403, 4800610404, 4800610405, 6004008310, 6301091003, 6408910000, 6408920000, 6500002100, 6500002101, 6500002103|Cost Center
BMC-002,BN1,BN2,BN3,BN4,BN5|4000650301, 4000650302, 4000650303, 4000650304, 4000650305, 4000650307, 4000650310, 4000650313|Cost Center
BMCN-MGR-00040568|4001350300, 4001350305, 4001350313, 4001350400, 4003057200, 4003657400, 4003657401, 4003657402, 4003657403, 4003657404, 4003657405, 4003657406, 4003657408, 4003657409, 4004657002, 4007257200, 4007257505, 4500150300, 4500150306, 4801310002, 4801310005, 4801310007, 4801310008, 4801310020, 4801310302, 5550000250|Cost Center
MULTI-MGR-00321264|4001350308, 4001350313, 4400019030, 4500100060, 4500160120, 4500160210, 4500160220, 4500210308, 4801310007, 4801310302, 5300010070, 6005208618, 6008917098, 6301100401, 6406410000, 6500002714|Cost Center
JHH-JHHS-MGR-00365832|4001350308, 4400019030, 4500010010, 4500100060, 4500150105, 4500160030, 4500160050, 4500160060, 4500160070, 4500160080, 4500160100, 4500160120, 4500160150, 4500160160, 4500160190, 4500160200, 4500160210, 4500160220, 4500160240, 4500160250, 4500160260, 4500160270, 4500210308, 4670010010, 4800010015, 4800910305, 4801010302, 4801310302, 5200147300, 5200147310, 5200147320, 5200147380, 5200147430, 5200147440, 5200147600, 5200147670, 5200147710, 5300010070, 6021337900, 6301020258, 6301100401|Cost Center
JHHS-S00-SC1-9-SCA-F-Admin|4001350308, 4400019030, 4500010010, 4500100060, 4500150105, 4500160030, 4500160050, 4500160060, 4500160070, 4500160080, 4500160100, 4500160120, 4500160150, 4500160160, 4500160190, 4500160200, 4500160210, 4500160220, 4500160240, 4500160250, 4500160260, 4500160270, 4500210308, 4800010015, 4800910305, 4801010302, 4801310302, 5300010070, 6301100401|Cost Center
MULTI-MGR-00042806|4001350308, 4400019030, 4500010010, 4500100060, 4500150105, 4500160030, 4500160050, 4500160060, 4500160070, 4500160080, 4500160100, 4500160120, 4500160150, 4500160160, 4500160190, 4500160200, 4500160210, 4500160220, 4500160240, 4500160250, 4500160260, 4500160270, 4500160300, 4500210308, 4670010010, 4680010010, 4800010015, 4800910305, 4801010302, 4801310302, 5200147300, 5200147310, 5200147320, 5200147380, 5200147430, 5200147440, 5200147600, 5200147670, 5200147710, 5300010070, 6021337900, 6301020258, 6301100401|Cost Center
MULTI-MGR-00303911|4001350308, 4400019030, 4500100060, 4500160120, 4500160210, 4500160220, 4500210308, 4509999998, 4800310314, 4801310302, 5300010070, 6005208618, 6008917098, 6406410000|Cost Center
HCG-JHHS-MGR-00282772|4001350308, 4400019030, 4500100060, 4500160120, 4500160210, 4500160220, 4500210308, 4800310314, 4801310302, 5300010070, 6005208618, 6406410000|Cost Center
MULTI-MGR-0033435|4001350308, 4400019030, 4500160120, 4500160210, 4500160220, 4500210308, 4801310302, 5300010070|Cost Center
JHHR-Radiology-C.Shoats|4003657400, 4003657401, 4003657402, 4003657403, 4003657404, 4003657405, 4003657406, 4003657408, 4003657409, 4004657002, 4007257505, 4500000001, 4500000003, 4500150095, 4500150096, 4500150101, 4500150103, 4500150104, 4500150180, 4500150404, 4500150412, 4500170010, 4500170011, 4500170012, 4500170015, 4500170017, 4500170040, 4500170060, 4500170065, 4500170070, 4500170080, 4500170090, 4500170100, 4500170110, 4500170120, 4500170130, 4500170140, 4500170150, 4500170170, 4500170180, 4500170190, 4500170195, 4500170200, 4500170210, 4509999999, 4680010010, 4680020010, 4680020020, 4680020030, 4680020040, 4680020050, 4680020070, 4680020080, 4680030010, 4800310314, 4801210403, 4801357240, 4803610090, 4803610394, 4803610480, 4803610481, 4803610484, 4803610491, 4803610492, 4803610493, 4803617413, 4803617421, 4803617422, 4803617431, 4803617442, 4803617451, 4803617460, 4803617511, 4805110001, 4805110405, 4805110406, 4805110408, 4807217220, 5550000100, 5550000200, 5550000210, 5550000220, 5550000230, 5550000240, 5550000250, 5550000260, 5550000300, 5550000310, 5550000320, 5550000330, 5550000340, 5550000350, 5550000400, 5550000410, 5550000420, 5550000430, 5550000440, 5550000450, 5550000500, 5550000510, 5550000520, 5550000530, 5550000540, 5550000550, 5550000560, 6001116018, 6750010010|Cost Center
BMC-MGR-00297096|4003657400, 4003657401, 4003657402, 4003657403, 4003657404, 4003657405, 4003657406, 4003657408, 4003657409, 4007257505, 4500150180, 4803610090, 4803610491, 4803617442, 4803617451, 4803617511, 5550000100, 5550000250, 5550000500|Cost Center
BMC-BH1,BH2,BH6,BH7|4003657400, 4003657401, 4003657402, 4003657403, 4003657404, 4003657405, 4003657409|Cost Center
BMC-4003657400-3;4003657405|4003657400, 4003657401, 4003657402, 4003657403, 4003657405|Cost Center
JHHR-MGR-00038392|4003657400, 4003657401, 4003657402, 4003657403, 4003657405, 4003657409, 4500150095, 4500150096, 4500150101, 4500150103, 4500150104, 4500150180, 4500170170, 4800310314, 4801210403, 4801357240, 4803610090, 4803610394, 4803610480, 4803610481, 4803610484, 4803610491, 4803610492, 4803610493, 4803617413, 4803617421, 4803617422, 4803617431, 4803617442, 4803617451, 4803617460, 4803617511, 5550000100, 5550000200, 5550000210, 5550000220, 5550000230, 5550000240, 5550000250, 5550000260, 5550000300, 5550000310, 5550000320, 5550000330, 5550000340, 5550000350, 5550000400, 5550000410, 5550000420, 5550000430, 5550000440, 5550000450, 5550000500, 5550000510, 5550000520, 5550000530, 5550000540, 5550000550, 5550000560|Cost Center
BMC-BH5,BH6-byDSM|4003657401, 4003657402, 4003657403, 4003657405|Cost Center
BMCN-GSS-4003657401,3,5,6,555|4003657401, 4003657403, 4003657405, 4003657406, 5550000250|Cost Center
BMC-4003657402,4003657403|4003657402, 4003657403|Cost Center
JHH-JHHS-JL1-9,A,N55-PharmAdmi|4003957400, 4500150130, 4800910301, 4803110301, 4803117401, 4803117403, 4803117406, 4803117407, 4803117408, 4803117409, 4803117411, 4803117412, 4803117413, 4803117414, 4803117415, 4803117416, 4803117417, 4803817544|Cost Center
BMC-B9N,BAG,SIF|4004650301, 4004657401, 4004657512, 4680010010, 4680020010, 4680020020, 4680020030, 4680020040, 4680020050, 4680020070, 4680020080, 4680030010, 5550000200, 5550000210, 6750010010|Cost Center
BMC-10002491,60008926|4004650301, 4004657512, 4680020010, 4680020080, 4680030010|Cost Center
MULTI-MGR-JJOHN170|4005350300, 4005350301, 4005350302, 4007257202, 4500050010, 4500170120, 4500180010, 4500200080, 4801336934, 4801337038, 4801357630, 4801377530, 4801377531, 4805310001, 4805310006, 4805310009, 4805310010, 4805310403, 4805310407, 4805310408, 4805310409, 4805310410, 4805317404, 4805317406, 4805317506|Cost Center
HCGH-MGR-00030757|4005550401, 4005550402, 4500080026, 4805517432, 4805518017, 4805518027, 6405544000, 6405610000, 6405700000, 6406210000, 6406820000, 6406910000, 6406920000, 6406930000, 6406950000, 6406955000, 6406960000, 6407370000, 6408210000, 6408220000, 6408245000, 6408250000, 6408250211, 6408255000, 6408260000, 6408265000, 6408340000, 6408400000, 6408410000, 6408420000, 6408430000, 6408450000, 6408460000, 6408475000, 6408490000, 6408493000, 6408710000, 6408815000, 6408820000, 6408845000, 6408910000, 6408920000|Cost Center
BMC-JHHS-BZ2,S00|4300100100, 4500100060|Cost Center
SEC-BSI Global for TL9|4400019020, 4800710301, 4800710303, 4800750302, 6406930000, 9250010080|Cost Center
JHHS-MGR-00300680|4400019030, 4500100060, 4500160120, 4500160210, 4500160220, 4500210308|Cost Center
MULTI-MGR-00221930|4400019030, 4500100060, 4500160120, 4500160210, 4500160220, 4500210308, 4800310314, 5300010070, 6005208618, 6008917098, 6301100401, 6500002714|Cost Center
MULTI-MGR-00319631|4400019030, 4500100060, 4500160120, 4500160210, 4500160220, 4500210308, 4800310314, 6008917098, 6406410000|Cost Center
JHHS-MGR-00182396|4400019060, 4400019210, 4404180052, 4404180101, 4404180252, 4404190052, 4405005001, 4405005252, 4405005352, 4405006001, 4405006100, 4405006102, 4405007052, 4405007352, 4500030296, 4500100060, 4500150018, 4500150019, 4500150102, 4500200080|Cost Center
JHH-JHHS-MGR-CCAMPB43|4400019060, 4500030296, 4500100060, 4500150018, 4500150019, 4500150021, 4500150024, 4500150102, 4500180020, 4500200080, 4600033000, 4670010010, 4690010010, 4800010400, 5900010010, 9090010001|Cost Center
JHCP-MGR-00183590|4400019210, 4400029605, 4400029615, 4404012100, 4404012201, 4404012252, 4404012272, 4404022401, 4404022431, 4404022444, 4404022451, 4404022452, 4404022463, 4404022471, 4404022472, 4404052301, 4404052304, 4404052352, 4404052372, 4404052392, 4404113001, 4404113052, 4404123501, 4404123531, 4404123532, 4404123551, 4404123552, 4404123571, 4404123572, 4404134001, 4404134052, 4404170001, 4404170052, 4404200001, 4404200052, 4404200301, 4404200401, 4404214501, 4404214552, 4404214572, 4404717501, 4404717552, 4405007352, 4405009152, 4405029100|Cost Center
JHHS-MGR-00043656|4400019220, 4400019240, 4400029555, 4404022401, 4404200052|Cost Center
JHCP-MGR-00303766|4400019220, 4400019240, 4400029555, 4404022401, 4500100060|Cost Center
JHCP-MGR-00163131|4400019220, 4400029605, 4400029610, 4400029611, 4404012100, 4404012252, 4404012272, 4404022432, 4404022452, 4404022472, 4404052352, 4404052372, 4404062392, 4404113052, 4404113063, 4404123532, 4404123552, 4404123572, 4404134052, 4404145052, 4404150052, 4404160052, 4404170052, 4404180052, 4404180252, 4404190052, 4404200052, 4404214552, 4404214572, 4404220052, 4404315052, 4404325552, 4404325572, 4404426352, 4404436452, 4404516552, 4404516572, 4404516592, 4404526652, 4404617052, 4404717552, 4404818052, 4404918552, 4405004052, 4405005001, 4405005252, 4405005352, 4405006001, 4405006100, 4405006102, 4405006252, 4405007052, 4405009001, 4405009052, 4405009152, 4405009252, 4405010052, 4405010053, 4405010054, 4405011252, 4405013001, 4405014052, 4405015052, 4405016052, 4405019001, 4405019052, 4405029100, 4405032052, 4405033001, 4405052052, 4405055092, 6301112544|Cost Center
JHHS-MGR-00342004|4400019220, 4500050010, 4500050020, 4500050030, 4500050060, 4500050070, 4500050080, 4500050090, 4500080021, 4680010010, 5501040415, 6301117000, 6406137000, 6406138000, 6500002700, 6530002724|Cost Center
JHHS-S00-S51-4-Legal-Execs|4400019220, 4500050010, 4500050020, 4500050030, 4500050060, 4500050070, 4500050080, 4500050090, 4500100060, 5501040415, 5501040760, 6301117000, 6406137000, 6500002700, 6530002724|Cost Center
JHHS-S51-4-Legal|4400019220, 4500050010, 4500050020, 4500050030, 4500050060, 4500050070, 4500050080, 4500050090, 5501040415, 5501040760, 6301117000, 6406137000, 6500002700, 6530002724|Cost Center
JHH-JHHS Risk Mgmt|4400019220, 4500050010, 4500050030, 4500050080, 6301117000, 6406137000, 6530002724|Cost Center
JHHS-MGR-00103933|4400019230, 4500040030, 4500040063, 4500150015, 5501040360, 5502002180|Cost Center
JHCP-MGR-00036350|4400029555, 4404022401, 4404022431, 4404022432, 4404022444, 4404022451, 4404022452, 4404022463, 4404022471, 4404022472|Cost Center
JHCP-MGR-00225632|4400029565, 4404022431, 4404022432, 4404022451, 4404022452, 4404022471, 4404022472, 4500170065|Cost Center
JHHR-Diagnostics|4404022444, 4803617413|Cost Center
JHHR-EBMC-Diag-Ultra-Admin|4404022444, 4803617413, 4803617431, 5550000100|Cost Center
JHH-4404022471,2-EBMC|4404022471, 4404022472|Cost Center
JHCP-MGR-00198584|4404022471, 4404123531, 4404123532, 4404123571, 4404123572, 4409901030|Cost Center
MULTI-MGR-00302395|4404022471, 4500030030, 4500030105, 4500030110, 4500030169, 4500030174, 4500030179, 4804217601, 6500002410|Cost Center
MULTI-MGR-00314416,00349161|4404022471, 4500030110, 4500030169, 4500030179, 4804217601, 6500002410|Cost Center
JHHS-MGR-00328816|4404022471, 4500030169, 4500030179|Cost Center
JHHR-MGR-00334403|4404150001, 4500150180, 4500170170, 4620010010, 4803610090, 4803610394, 4803610480, 4803610481, 4803610484, 4803610491, 4803610492, 4803610493, 4803617413, 4803617421, 4803617422, 4803617431, 4803617442, 4803617451, 4803617460, 4803617511, 5550000100, 5550000200, 5550000300, 5550000340, 5550000350, 5550000400, 5550000410, 5550000420, 5550000430, 5550000440, 5550000450, 5550000500, 5550000510, 5550000520, 5550000530, 5550000540, 5550000550, 5550000560, 5550000800, 5550000810, 5550000820, 5550000830, 5550000840, 5550000850, 5550000860|Cost Center
JHHR-MGR-00215327|4404150001, 4620010010, 5550000100, 5550000400, 5550000500, 5550000510, 5550000520, 5550000530, 5550000540, 5550000550, 5550000560|Cost Center
JHHS-Finance Global|4500000000, 4500030010, 4500030030, 4500030040, 4500030050, 4500030060, 4500030080, 4500030090, 4500030095, 4500030105, 4500030106, 4500030107, 4500030110, 4500030125, 4500030130, 4500030160, 4500030169, 4500030170, 4500030171, 4500030172, 4500030173, 4500030174, 4500030175, 4500030176, 4500030179, 4500150015, 4500170020, 4500310308|Cost Center
JHHS-MGR-00034752|4500000000, 4500030010, 4500030030, 4500030040, 4500030050, 4500030060, 4500030080, 4500030090, 4500030095, 4500030105, 4500030106, 4500030107, 4500030110, 4500030125, 4500030130, 4500030160, 4500030169, 4500030170, 4500030171, 4500030172, 4500030173, 4500030174, 4500030175, 4500030176, 4500030179, 4500100060, 4500150015, 4500170020, 4500310308|Cost Center
JHHS-S38,D,J-P-SFK-Billing|4500000000, 4500030030, 4500030090, 4500030105, 4500030107, 4500030110, 4500030130, 4500030160, 4500030169, 4500030171, 4500030172, 4500030173, 4500030174, 4500030179, 4500150015, 4500170020|Cost Center
JHHS-S3D,J-P-SFK-Billing|4500000000, 4500030030, 4500030090, 4500030105, 4500030107, 4500030110, 4500030130, 4500030160, 4500030169, 4500030173, 4500030174, 4500030179, 4500150015, 4500170020|Cost Center
JHHS-S3M-SFK-BCBill-BehavHlth|4500000000, 4500030030, 4500030090, 4500030105, 4500030110, 4500030130, 4500030169, 4500030173, 4500030174, 4500030179, 4500150015, 4500170020|Cost Center
JHHS-S3L-S3M-SFJ-MedBill-BCBil|4500000000, 4500030130, 4500030173, 4500030174|Cost Center
JHHS-INTNL-by Peradmin,CC adj|4500000001, 4500000003, 4500150404, 4500150412, 4500170010, 4500170011, 4500170012, 4500170015, 4500170017, 4500170040, 4500170060, 4500170065, 4500170070, 4500170080, 4500170090, 4500170100, 4500170110, 4500170120, 4500170130, 4500170140, 4500170150, 4500170180, 4500170190, 4500170195, 4500170200, 4500170210, 4509999999, 4620010010, 5200147300, 5200147310, 5200147320, 5200147340, 5200147380, 5200147430, 5200147440, 5200147600, 5200147610, 5200147670, 5200147680, 5200147710, 5200147790, 5550000100, 6021337900, 6301020258|Cost Center
JHHS-JC8,SD1|4500000001, 4500000003, 4500150404, 4500150412, 4500170010, 4500170011, 4500170012, 4500170015, 4500170017, 4500170040, 4500170060, 4500170065, 4500170070, 4500170080, 4500170090, 4500170100, 4500170110, 4500170120, 4500170130, 4500170140, 4500170150, 4500170180, 4500170190, 4500170195, 4500170200, 4500170210, 4509999999, 5550000100|Cost Center
JHHC-GLOBAL-HS10,HS06|4500010010, 4500100060, 4500150015, 4500150016, 4500150031, 4500150105, 4500150260, 4500150261, 4500150263, 4500160050, 4500160060, 4500160080, 4500160100, 4500160200, 4500160240, 4500160250, 4500160270, 4509999999, 4800010015, 4800910305, 4801010302, 5300010070, 5501040261, 5501040360, 5501040410, 5501040415, 5501040420, 5501040425, 5501040430, 5501040445, 5501040450, 5501040455, 5501040460, 5501040480, 5501040500, 5501040505, 5501040507, 5501040510, 5501040520, 5501040530, 5501040540, 5501040550, 5501040570, 5501040581, 5501040590, 5501040591, 5501040592, 5501040593, 5501040596, 5501040597, 5501040600, 5501040630, 5501040635, 5501040660, 5501040670, 5501040680, 5501040690, 5501040700, 5501040701, 5501040702, 5501040703, 5501040704, 5501040706, 5501040710, 5501040720, 5501040725, 5501040740, 5501040745, 5501040760, 5501040765, 5501040790, 5501040810, 5501040840, 5501040850, 5502042210, 5502042300, 6301100401|Cost Center
JHHS-S36-F-H-N-V-by limited CC|4500030010, 4500030030, 4500030070, 4500030080, 4500030090, 4500030105, 4500030110, 4500030120, 4500030125, 4500030169, 4500030173, 4500030174, 4500030179, 4500170020, 4801410310|Cost Center
JHCP - 4500030030, 4500030171,72|4500030030, 4500030171, 4500030172|Cost Center
JHHS-4500030030-172-Legal-Deni|4500030030, 4500030172|Cost Center
JHHS CustSrvc|4500030040, 4500030050, 4500030060, 4500030105, 4500030170|Cost Center
JHHS-MGR-00308090|4500030040, 4500030050, 4500030105, 4500030106, 4500030170, 4500170020, 6406210000, 6406215000, 6406250000, 6406310000, 6406315000, 6406350000|Cost Center
JHHS-4500030050,105,170|4500030050, 4500030105, 4500030170|Cost Center
JHHR-MGR-OMCCLAR1|4500030050, 4500170170, 4803610480, 4803610484, 5550000100, 5550000500, 5550000510, 5550000520, 5550000530, 5550000540, 5550000550, 5550000560|Cost Center
JHHS-4500030060,105,170|4500030060, 4500030105, 4500030170|Cost Center
JHHS-S3D,S3F,S3G,SFL,S39|4500030080, 4500030090, 4500030095, 4500030105, 4500030107, 4500030110, 4500030175, 4500030176, 4500310308|Cost Center
JHHS-DIR-REVENUE-PLUS|4500030080, 4500030090, 4500030095, 4500030105, 4500030107, 4500030110, 4500030175, 4500030176, 6406215000, 6500002400, 6500002402, 6500002409, 6500002411, 6500002716|Cost Center
JHHS-DIR-REVENUE|4500030080, 4500030095, 4500030105, 4500030107, 4500030110, 4500030175, 4500030176|Cost Center
JHHS-4500030105,30,40,73,74,77|4500030105, 4500030130, 4500030140, 4500030173, 4500030174, 4500030177|Cost Center
JHHS-S3G,SFL|4500030105, 4500030175, 4500030176|Cost Center
JHHS-4500170020,4500030106|4500030106, 4500170020|Cost Center
JHHS-4500030110,69,79|4500030110, 4500030169, 4500030179|Cost Center
JHHS-60012903-JHH OR Adm|4500030110, 4500030179|Cost Center
JHHS-S3J-SpecHospProg|4500030130, 4500030160|Cost Center
JHHS-SFK-BehavBill-BillCollect|4500030130, 4500030173, 4500150015|Cost Center
JHHS-4500030169,79|4500030169, 4500030179|Cost Center
JHHS-MGR-00333907|4500030169, 4500030179, 4804217601|Cost Center
JHHS-MGR-00087144|4500030169, 4801336974, 4801357474, 4801410308|Cost Center
JHHS - Controllers Office|4500030180, 4500030181, 4500030185, 4500030230, 4500030290, 4500030420, 4500030450|Cost Center
JHH-JHHS-JD1-6,JS1-2,S34-37|4500030180, 4500030181, 4500030185, 4500030230, 4500030290, 4500030420, 4500030450, 4500150050, 4500150058, 4500150080, 4500150087, 4500150089, 4500150102, 4500150110, 4500150126, 4500150140, 4500150145, 4500150147, 4500150188, 4500210301, 4500210302, 4500210304, 4500210308, 4500210310, 4500210311, 4500210312, 4500210313, 4500210314, 4500210315, 4500210316, 4500210317, 4500210322, 4500210400, 4500210401, 4500210402, 4500210403, 5850020000, 5850020010, 5850020020, 5850020040, 5850020050, 5850020060, 5850020070, 5850020090, 5850022000, 5850022001, 5850022006, 5850022100, 5870010045, 5870010055, 5870010075, 5870010090, 5870010130, 5870010145|Cost Center
JHHS-MGR-00031395|4500030185, 4500030251, 4500030260, 4500030265, 4500030270, 4500030290, 4500150116, 4500150260|Cost Center
JHHS-MGR-00303311|4500030185, 4500030251, 4500030260, 4500030265, 4500030290, 4500040020, 4500040022, 4500150018, 4500150260, 4800010029|Cost Center
JHHS-10001686-JHMBudget|4500030185, 4500030251, 4500030290, 4500150260, 4800010029|Cost Center
JHHS-MGR-00145834|4500030185, 4500030260, 4500030270, 4500030290, 4500030291|Cost Center
JHHS-10001566-AcctsPayDSM|4500030190, 4500030450|Cost Center
JHHS-S00-S31-2-S41-Exec-FinOff|4500030220, 4500030251, 4500030265, 4500030280, 4500040020, 4500100060, 4500150260, 4800310305|Cost Center
JHHS-CASEMIX-SB2|4500030250, 4500030255, 4500030280|Cost Center
JHHS - Casemix RegComp|4500030250, 4500030255, 4500030280, 4800310305|Cost Center
JHH-JHHS-4500030250,4800810013|4500030250, 4800810013|Cost Center
JHH-JHHS-MGR-00310551|4500030265, 4800010028, 4800010029|Cost Center
JHH-JHHS-JD1,JD3|4500030290, 4500150050, 4500150087, 4500150145, 4500150188, 4500210301, 4500210302, 4500210304, 4500210308, 4500210315, 4500210317, 4500210322, 4500210402, 5850020000, 5850020010, 5850020020, 5850020050, 5850020060, 5850020090, 5850022000, 5850022006, 5870010045|Cost Center
JHH-JHHS IT MTW|4500030290, 4500150050, 4500150087, 4500150145, 4500150188, 4500210301, 4500210302, 4500210308, 4500210322, 5850020000, 5850020010, 5850020020, 5850020060, 5850022000, 5870010045|Cost Center
JHH-JHHS-JGB,S11,SIA,JK1|4500040020, 4500040030, 4500040031, 4500040040, 4500040060, 4500040061, 4500040062, 4500040063, 4500040070, 4500040110, 4500040200, 4500040400, 4500150096, 4500150101, 4500150102, 4500150250, 4500150251, 4500220003, 4800010304, 4800830307, 4800910000, 4800910306, 4801310060, 4804610482, 4805110001, 4805110406, 4805110408|Cost Center
MULTI-MGR-00320144|4500040020, 4680010010, 4680020010, 4680020020, 4680020030, 4680020040, 4680020050, 4680020070, 4680020080, 4680030010, 6750010010|Cost Center
JHCP-MGR-00036073|4500040063, 4500150015, 4510010010, 4510010030|Cost Center
JHH-MGR-00372207|4500040070, 4800910305|Cost Center
HCG-MGR-00133607|4500040200, 4500100060, 4500150250, 4800810306, 4803117403, 4803117407, 4803117415, 4803817544, 5300010010, 5300010060, 5300010070, 5300010080, 5300010090, 5300010100, 5300010110, 5300010130, 5300010150, 5300010170, 5300010180, 5300010190, 5300010200, 5300010240, 5300010260, 5350010010, 5350010050, 5350010060, 5350010070, 5350010100, 5350010160, 5400010020, 5400010040, 5400010050, 5400010060, 5400010070, 5400010080, 5400010110, 5400010120, 5400010130, 5400010140, 5400010150, 5400010160, 5400010170, 5400010190, 5400010200, 5400010230, 5400010240, 5400010250, 5400010260, 5400010350, 5400010380, 5400010390, 5400010400, 5400010410, 5400010420, 5400010430, 5450010010, 5450010060, 5450010080, 5450010130, 5450010190, 5450010230, 5450010280, 5450010330, 5450010380, 5450030010, 5450030020, 5450030030, 5450040010, 5450040030, 5459999998, 5470010080, 5470010090, 5480000000, 5480000010|Cost Center
HCG-PHQ-G,K,Q,T,V Per Admins|4500040200, 4500150250, 4800810306, 5300010010, 5300010060, 5300010070, 5300010080, 5300010090, 5300010100, 5300010110, 5300010130, 5300010150, 5300010170, 5300010180, 5300010190, 5300010200, 5300010240, 5300010260, 5350010010, 5350010050, 5350010060, 5350010070, 5350010100, 5350010160, 5400010020, 5400010040, 5400010050, 5400010060, 5400010070, 5400010080, 5400010110, 5400010120, 5400010130, 5400010140, 5400010150, 5400010160, 5400010170, 5400010190, 5400010200, 5400010230, 5400010240, 5400010250, 5400010260, 5400010350, 5400010380, 5400010390, 5400010400, 5400010410, 5400010420, 5400010430, 5450010010, 5450010060, 5450010080, 5450010130, 5450010190, 5450010230, 5450010280, 5450010330, 5450010380, 5450030010, 5450030020, 5450030030, 5450040010, 5450040030, 5459999998, 5470010080, 5470010090, 5480000000, 5480000010|Cost Center
JHHS-10001703,05,60010928|4500050020, 4500050030, 4500050060, 4500050070, 4500050090, 5501040415, 6500002700|Cost Center
JHHS - 4500050030, 4500050060|4500050030, 4500050060|Cost Center
JHHS-60010926-EmployeeAffairs|4500050030, 4500050090|Cost Center
JHHS-S91,S92|4500050030, 4500080021, 4500080023, 4500080024, 4500080026, 4500080027, 4530010020|Cost Center
JHHC-JHHS-MGR-00220847|4500050030, 5501040410, 5501040415|Cost Center
JHHS-60010929-LegalManagedCare|4500050030, 5501040415|Cost Center
JHHS - 4500050070, 6500002700|4500050070, 6500002700|Cost Center
MULTI-MGR-00145725|4500050080, 6500002704|Cost Center
JHHS-MGR-00273762|4500080020, 4500080021, 4500080023, 4500080024, 4500080026, 4500080027, 4530010010|Cost Center
JHHS-4530010010,20,4500080021|4500080021, 4530010010, 4530010020|Cost Center
JHHS-SH-4500080027,6004008102|4500080027, 6004008102|Cost Center
MULTI-MGR-00308398|4500080027, 6004008102, 6004008460, 6301090575, 6301090821|Cost Center
JHHS-SH-4500080027,6004008691|4500080027, 6004008102, 6004008691|Cost Center
JHHS-4500160060,80,150|4500100060, 4500160060, 4500160080, 4500160150, 4500160250, 4500160270|Cost Center
JHH-JHHS-Execs-HR|4500100060, 4500160090, 4800010015, 5501040600|Cost Center
JHHS-4500160100,4500100060|4500100060, 4500160100|Cost Center
JHHS-MGR-00193385|4500100060, 4500200020, 4500200030, 4500200040, 4500200045, 4500200050, 4500200055, 4500200070, 4500200075, 4500200089, 4500200090, 4500200092, 4500200093, 4500200094, 4500200096, 4500200097|Cost Center
JHHS-MGR-00281680|4500100060, 4500200020, 4500200030, 4500200040, 4500200045, 4500200050, 4500200055, 4500200070, 4500200075, 4500200089, 4500200092, 4500200093, 4500200094, 4500200096|Cost Center
JHHS-MGR-00281154|4500100060, 4500200030, 4500200040, 4500200045, 4500200050, 4500200055, 4500200075, 4500200089|Cost Center
SMH-MGR-00228469|4500100060, 4620010010, 6301020131, 6301020132, 6301020133, 6301020134, 6301020135, 6301020138, 6301020140, 6301020144, 6301020145, 6301020146, 6301020149, 6301020221, 6301020222, 6301020224, 6301020227, 6301020242, 6301020258, 6301020262, 6301020271, 6301020351, 6301020353, 6301020355, 6301020356, 6301020410, 6301020412, 6301020413, 6301020414, 6301020415, 6301020428, 6301020467, 6301020503, 6301020507, 6301020509, 6301020608, 6301020642, 6301020810, 6301020961, 6301021001, 6301021136, 6301030101, 6301030483, 6301060206, 6301060341, 6301060372, 6301060373, 6301060374, 6301060375, 6301060520, 6301090370, 6301110663, 6301113716, 6301113717|Cost Center
JHH-4500100060,4800010015|4500100060, 4800010015|Cost Center
JHHC-1000758,3950,60007501|4500100060, 5501040410, 5501040415|Cost Center
JHHS-S00-EXECS-00243400|4500100060, 5501040510|Cost Center
JHHS-SMH-MGR-00043340|4500100060, 6301020430, 6301020601, 6301020602, 6301020642, 6301030202, 6301030303, 6301030483, 6301050160, 6301060101, 6301060147, 6301060204, 6301060206, 6301060207, 6301060208, 6301060209, 6301060210, 6301060211, 6301060213, 6301060214, 6301060215, 6301060216, 6301060217, 6301060218, 6301060219, 6301060262, 6301060265, 6301060267, 6301060372, 6301060373, 6301060429, 6301080178, 6301090109, 6301090212, 6301090370, 6301090575, 6301090724, 6301090821, 6301090902, 6301091003, 6301091004, 6301091138, 6301091311, 6301100106, 6301100401, 6301111729, 6301111932, 6301112544|Cost Center
JHHC-MGR-00146569|4500150015, 4500150016, 4500150031, 4500150261, 4500150262, 4500150263, 4500150264, 5502000440, 5502002160, 5502002180|Cost Center
JHHS-4500150015,16,31,263|4500150015, 4500150016, 4500150031, 4500150263|Cost Center
JHHS-MGR-00298993|4500150015, 4500150031, 4500150261, 5502002160|Cost Center
JHHS-MGR-00297342|4500150015, 4500150160, 4500150261, 4500150263, 4500150264, 4500150265|Cost Center
JHHS-4500150015,261|4500150015, 4500150261|Cost Center
JHHS-LangServices-COVID Test|4500150023, 4500150240, 4500150241, 4500150242, 4500150243|Cost Center
JHHR-MGR-00152994|4500150095, 4803617413, 4803617442, 4803617451, 4803617460, 5550000100, 5550000200, 5550000210, 5550000220, 5550000300, 5550000310, 5550000400, 5550000410, 5550000500|Cost Center
JHHR-MGR-00041397|4500150095, 4803617451, 5550000100, 5550000200, 5550000210, 5550000220, 5550000300, 5550000310, 5550000400, 5550000410, 5550000500|Cost Center
JHHR-MGR-00130655|4500150095, 4803617451, 5550000200, 5550000210, 5550000220, 5550000230, 5550000240, 5550000250, 5550000260, 5550000300, 5550000330, 5550000400|Cost Center
JHH Oncology|4500150101, 4500150250, 4500170100, 4803610480, 4804610482, 4805110001, 4805110405, 4805110406, 4805110408|Cost Center
JHHR-MGR-DKESLIN1|4500150180, 4500170170, 4803610090, 4803610394, 4803610480, 4803610481, 4803610484, 4803610491, 4803610492, 4803610493, 4803617413, 4803617421, 4803617422, 4803617431, 4803617442, 4803617451, 4803617460, 4803617511, 5550000100, 5550000200, 5550000210, 5550000220, 5550000230, 5550000240, 5550000250, 5550000260, 5550000300, 5550000310, 5550000320, 5550000330, 5550000340, 5550000350, 5550000400, 5550000410, 5550000420, 5550000430, 5550000440, 5550000450, 5550000500, 5550000510, 5550000520, 5550000530, 5550000540, 5550000550, 5550000560|Cost Center
JHHR-eRad-MIIT|4500150180, 4803610481, 4803610491, 5550000100, 5550000500, 5550000510, 5550000520, 5550000530, 5550000540, 5550000550, 5550000560, 6002207420|Cost Center
JHHR-10003484-Info Systems|4500150180, 4803610491, 5550000100, 5550000500|Cost Center
JHHS-Language Services|4500150240, 4500150241, 4500150242, 4500150243|Cost Center
JHHS-MGR-00303884|4500150261, 4500150263, 4500200094|Cost Center
JHHR-MRI,Columbia|4500160040, 4803617451, 5550000400, 5550000410, 5550000420, 5550000430, 5550000440, 5550000450, 5550000600, 5550000800, 5550000810, 5550000820, 5550000830, 5550000840, 5550000850, 5550000860|Cost Center
JHHS-4500160060,80|4500160060, 4500160080|Cost Center
JHHS-4500160060,80,150,250|4500160060, 4500160080, 4500160150, 4500160250|Cost Center
JHHS-10001789,60003629|4500160060, 4500160080, 4500160250|Cost Center
JHHS-Learn-LMS-CorpTrn|4500160060, 4500160080, 4500160250, 4500160270, 4800010015, 5200147400|Cost Center
MULTI-MGR-00280954|4500160070, 4500160190, 6005208618, 6301100401, 6500002710, 6500002712|Cost Center
JHHS-4500160120,4500160220|4500160120, 4500160210, 4500160220, 4500210308, 6500002714|Cost Center
ACH-JHHS-MGR-00317760|4500170020, 6500002407|Cost Center
JHSCS-MGR-00283119|4500170110, 4680010010, 4680020010, 4680020020, 4680020030, 4680020040, 4680020050, 4680020060, 4680020070, 6700010010, 6710010010, 6720010010, 6730010010, 6740010010, 6740010030, 6750010010, 6780010010|Cost Center
HCGH-JHH-E60,E82,J90-5,JJJ|4500170140, 4500170180, 4801310451, 4801336980, 4803617460, 4805510000, 4805510001, 4805510002, 4805517000, 4805517402, 4805517405, 4805517406, 4805517407, 4805517420, 4805517421, 4805517422, 4805517423, 4805517424, 4805517425, 4805517430, 4805517431, 4805517432, 4805518001, 4805518002, 4805518003, 4805518005, 4805518006, 4805518007, 4805518009, 4805518010, 4805518011, 4805518013, 4805518015, 4805518017, 4805518019, 4805518020, 4805518021, 4805518023, 4805518027, 4805518028, 6405410000, 6405443000, 6405445000, 6405542200, 6405544000, 6405547000, 6405548000, 6405560000, 6405561000, 6405610000, 6405700000, 6405800000, 6406010000, 6406022000, 6406034000, 6406035000, 6406038000, 6406040000, 6406120000, 6406121000, 6406122000, 6406130000, 6406140000, 6406141000, 6406142000, 6406710000, 6406910000, 6406930000, 6406931000, 6406960000, 6407050000, 6407215000, 6407370000, 6407410000, 6407430000, 6408210000, 6408220000, 6408235000, 6408245000, 6408250000, 6408250211, 6408255000, 6408260000, 6408265000, 6408310000, 6408810000, 6408815000, 6408820000, 6408845000|Cost Center
JHHR-MGR-00142873,00204568|4500170160, 4500170170, 4803610484, 4803617511, 5550000100, 5550000200, 5550000300, 5550000400|Cost Center
JHHR-RadSched-JHIAdmin|4500170170, 4803610484, 5550000100|Cost Center